nFeatures: 732
2 29 33 32 10.625205 286.293396 3 11.503261 280.896240 
3 33 39 39 12.750893 252.289917 3 13.993502 244.191422 4 12.332198 279.126587 
2 85 89 90 14.668545 282.482056 3 14.685743 276.965210 
3 155 164 179 23.716835 201.615967 3 32.314693 188.013931 4 31.059950 227.687958 
3 63 67 68 24.918638 333.328949 3 23.369705 335.376923 4 19.758646 359.622406 
3 139 147 160 28.123562 208.796280 3 37.204399 197.661942 4 35.171444 235.106659 
3 131 141 153 36.769489 206.808594 3 47.836632 196.407486 4 45.606663 233.517731 
3 114 121 129 36.861717 212.978088 3 47.734047 202.944122 4 45.501904 239.636078 
4 74 83 98 41.188931 205.265579 3 52.346180 194.538177 4 50.179871 232.046204 5 20.761959 233.650436 
3 57 65 78 43.022335 210.645447 3 54.353714 200.939133 4 51.756622 237.556000 
3 57 65 78 43.154232 210.750412 3 54.353714 200.939133 4 51.756622 237.556000 
3 57 65 78 43.154232 210.750412 3 54.353714 200.939133 4 51.756622 237.556000 
2 44 48 51 43.284737 255.478683 3 48.388596 247.399078 
3 26 31 35 69.658516 379.879883 3 47.662140 391.914093 4 25.645031 407.339996 
3 56 61 64 71.653091 270.804077 3 81.394005 265.728760 5 35.542202 296.690948 
4 166 169 176 78.587372 243.492279 3 89.131989 236.475433 4 80.444588 270.439911 5 43.278973 271.657043 
3 37 40 47 83.275436 236.928635 3 95.711884 228.017410 4 84.471352 262.826721 
4 163 166 175 84.426208 249.277267 3 95.979843 241.259781 4 86.300552 274.732361 5 49.462242 276.570343 
4 163 165 177 87.571953 240.638123 3 99.878754 231.785629 4 90.710327 266.304962 5 53.503815 267.086853 
2 105 100 104 109.543373 381.275299 3 96.042816 394.759491 
2 170 170 178 128.734253 255.928726 3 149.101395 253.318665 
2 76 80 81 181.111099 346.742554 3 201.594727 353.536011 
2 111 102 103 186.915924 253.652557 3 207.859695 242.504730 
3 59 54 50 192.733459 215.161209 3 215.436371 197.458694 4 186.371185 237.880447 
2 72 62 52 198.383301 318.963898 3 219.746475 319.449829 
4 64 54 52 202.732620 245.469055 3 226.308563 233.148056 4 194.944824 269.569824 5 137.447891 272.292725 
3 143 140 135 204.896957 224.324890 3 229.542313 207.779510 4 197.707718 247.571503 
3 143 140 135 204.896957 224.324890 3 229.542313 207.779510 4 197.707718 247.571503 
2 56 46 36 209.502274 288.489044 3 233.272797 283.376038 
3 143 138 134 211.683777 229.791946 3 237.440796 215.465195 4 204.894226 254.210083 
4 143 138 134 211.683777 229.791946 3 237.440796 215.465195 4 204.894226 254.210083 5 148.768555 256.675842 
2 62 58 49 216.958588 372.215759 3 239.570816 383.366608 
3 64 57 51 220.449432 213.244308 3 247.092529 194.209839 4 212.203415 236.012390 
3 64 54 52 221.177719 224.403778 3 247.725571 207.221054 4 212.664108 247.478378 
3 64 54 52 221.177719 224.403778 3 247.725571 207.221054 4 212.664108 247.478378 
3 141 130 128 221.984848 236.715149 3 248.621216 221.965576 4 213.472610 260.068481 
3 141 130 128 221.984848 236.715149 3 248.621216 221.965576 4 213.472610 260.068481 
2 130 121 116 223.987640 356.045715 3 248.696457 363.773254 
2 144 129 122 224.072113 255.182404 3 250.798248 242.968597 
3 142 141 137 239.883087 219.250015 3 270.351593 200.625595 4 231.494659 241.802200 
2 49 47 48 241.112213 374.863434 3 268.372131 386.142242 
3 61 54 48 241.409302 239.746643 3 271.856415 224.079544 5 170.273514 265.567139 
2 153 148 144 245.359268 342.060425 3 274.358490 345.924438 
2 153 148 144 245.359268 342.060425 3 274.358490 345.924438 
2 75 68 62 253.323837 353.602051 3 282.612061 360.680939 
4 141 134 128 258.638336 232.151184 3 291.786438 214.923248 4 249.220825 254.673447 5 184.690414 258.757568 
3 141 134 128 258.638336 232.151184 3 291.786438 214.923248 5 184.690414 258.757568 
3 146 136 134 260.478607 252.287262 3 293.728790 239.023941 5 185.793320 279.433502 
2 135 130 126 261.150208 360.209839 3 292.714355 366.763519 
3 139 140 144 261.493591 375.493896 3 290.754791 389.771576 4 246.016998 405.386902 
3 153 145 142 262.355408 321.690674 3 294.375183 321.987610 4 250.544617 347.805542 
3 14 14 14 270.993134 363.017181 3 304.481750 372.094238 4 258.704407 392.792816 
4 16 16 16 271.835968 311.463715 3 305.184357 311.210358 4 260.043793 339.054443 5 227.532211 335.752655 
2 70 70 68 272.439423 269.834656 3 307.256622 270.722504 
2 17 17 17 278.490479 367.057953 3 313.944153 377.110596 
3 20 20 20 279.420685 299.327423 3 315.946625 293.810272 4 268.301086 326.426849 
3 57 49 47 279.809631 228.652267 3 318.612000 212.069427 4 270.719818 250.346054 
2 97 99 96 281.368469 372.077545 3 317.852631 383.001343 
2 21 19 20 285.822693 368.795624 3 323.592743 379.129059 
3 15 15 15 289.765503 335.835999 3 327.687408 338.870697 4 279.023438 362.577332 
2 15 15 15 289.765503 335.835999 3 327.687408 338.870697 
3 15 15 15 291.899689 365.462128 3 330.347900 375.604279 4 278.672272 394.170197 
3 15 15 15 292.102356 312.037598 3 330.191315 309.347717 4 281.661255 338.969482 
3 15 17 16 292.556213 365.880951 3 330.347900 375.604279 4 278.672272 394.170197 
3 17 17 15 293.900269 342.562592 3 374.030579 310.793915 5 209.438995 367.260376 
3 68 61 55 296.294250 202.169449 3 337.193542 178.307541 4 287.052887 223.228012 
3 64 55 50 296.995209 214.696213 3 338.164185 193.424576 4 287.555450 236.453110 
2 64 55 50 296.995209 214.696213 3 338.164185 193.424576 
3 133 129 126 301.081696 367.588654 3 340.883575 377.070831 4 288.012115 396.888763 
3 135 132 127 301.273407 366.075195 3 340.883575 377.070831 4 288.012115 396.888763 
3 16 16 16 311.555237 309.320984 3 353.942261 307.342346 5 227.532211 335.752655 
4 16 16 16 311.555237 309.320984 3 353.942261 307.342346 4 300.495758 335.575623 5 227.532211 335.752655 
3 15 15 17 313.588013 338.130310 3 356.229767 341.362396 4 301.583405 365.701324 
2 81 80 76 314.050720 369.850708 3 359.046570 380.963379 
3 19 19 19 316.274414 272.510620 3 356.708160 269.526367 4 303.365051 295.011078 
2 58 53 47 320.657593 225.947708 3 367.627136 205.686050 
3 63 64 59 323.082611 346.498535 3 368.373108 354.315002 4 310.989563 372.886597 
3 20 20 20 334.587036 310.515594 3 383.252197 307.823639 5 245.077377 337.253174 
2 15 15 15 335.421082 364.627136 3 383.779877 375.083344 
2 63 54 49 337.988434 196.239944 3 388.213470 168.927582 
2 142 134 131 339.613098 221.833008 3 390.490906 199.949478 
3 145 142 137 343.307434 315.929230 3 393.633972 313.939789 5 253.397842 343.575500 
2 15 15 15 356.446747 362.205109 3 409.945770 371.973694 
3 17 15 16 359.666718 335.279602 3 414.746429 340.583710 5 263.836914 360.226776 
3 63 52 48 364.072998 222.734955 3 421.873962 200.468903 4 354.915527 242.995682 
2 53 52 50 364.945801 353.318787 3 421.311676 360.641449 
2 23 23 23 367.899048 291.630249 3 424.922516 281.160706 
2 39 38 34 368.716095 328.623077 3 427.879181 330.996307 
2 156 152 149 376.729156 342.635925 3 437.431458 347.547791 
4 20 20 20 377.178558 306.439209 3 437.276978 303.327026 4 366.433228 332.652130 5 283.231323 334.653290 
3 17 17 15 378.407074 354.135864 3 438.166779 361.419525 4 367.129883 381.793732 
4 67 58 49 410.561493 219.372192 3 481.528961 193.698425 4 402.635712 238.717026 5 315.412872 245.837097 
3 153 140 131 434.440186 231.432358 3 511.720337 208.213516 4 427.122192 251.697540 
4 147 139 137 457.797638 188.054230 3 544.340149 151.978256 4 452.452454 204.798141 5 358.015106 215.630020 
4 64 52 52 459.850891 212.902359 3 547.703735 183.471939 4 454.144165 231.072342 5 359.306610 240.571350 
3 141 142 147 461.798676 376.303436 3 583.295593 391.706360 4 435.746094 407.119110 
2 65 55 53 481.989655 190.917892 3 576.796631 155.595444 
4 138 128 127 490.233795 229.326416 3 585.844055 202.110199 4 486.265533 249.106522 5 386.601044 258.499817 
4 60 50 48 492.548218 214.750031 3 589.648743 184.910904 4 488.900330 232.467468 5 389.147247 241.963272 
4 60 50 48 492.548218 214.750031 3 589.648743 184.910904 4 488.900330 232.467468 5 389.147247 241.963272 
2 126 123 118 499.725647 200.879013 3 598.204285 164.981583 
3 54 55 57 509.905121 369.248871 3 610.749573 384.758606 4 506.189819 399.594574 
2 96 92 89 514.361450 224.721100 3 610.892639 200.322983 
2 116 120 132 520.414856 378.397522 3 641.034302 396.258759 
3 87 73 72 641.632568 342.903900 3 693.693176 353.410126 4 677.403503 376.057922 
3 122 114 125 668.854797 308.322052 3 719.548889 316.711151 4 707.477112 339.820465 
3 75 69 79 678.326355 289.269012 3 730.015442 296.175446 4 717.619141 320.264618 
2 74 71 66 684.612305 319.725281 3 739.731689 329.353088 
2 114 122 125 62.979839 350.323578 4 51.755573 376.409943 
2 54 59 62 72.526451 270.139343 4 75.836090 294.952820 
2 111 115 124 155.782120 346.149811 4 152.361282 373.895599 
2 79 66 58 217.662720 318.430359 4 207.901764 343.581512 
2 58 49 42 252.523010 245.386536 4 243.239670 268.713959 
2 75 68 62 253.323837 353.602051 4 240.486496 381.894348 
2 76 69 63 254.347702 369.113556 4 241.304962 397.856964 
2 67 56 52 256.899994 208.067917 4 248.075089 229.915359 
3 19 17 18 318.160767 312.864777 4 306.655212 338.938751 5 198.146606 341.394226 
2 55 54 50 323.996460 374.686066 4 306.862671 404.926880 
2 103 103 105 327.096283 428.697601 4 243.318512 467.751312 
2 15 15 15 335.421082 364.627136 4 322.465271 393.872070 
3 148 140 138 361.137878 194.315918 4 352.409332 213.455551 5 313.486389 214.316986 
3 148 140 138 361.137878 194.315918 4 352.409332 213.455551 5 313.486389 214.316986 
3 46 42 43 361.526031 405.746582 4 304.380981 439.975525 5 140.342850 432.525940 
2 149 139 138 362.027130 202.089249 4 353.083313 221.536148 
2 19 19 17 376.712524 260.566650 4 367.760529 282.953522 
2 148 137 133 386.902130 237.336227 4 377.953827 258.651886 
2 67 58 49 410.561493 219.372192 4 402.635712 238.717026 
3 52 55 60 411.396271 418.785706 4 358.546783 455.898010 5 176.336441 446.432800 
2 52 53 55 425.356812 416.917816 4 374.310242 454.265594 
3 147 137 136 432.517120 209.755432 4 425.204895 228.481934 5 334.626740 236.918182 
3 147 137 136 432.517120 209.755432 4 425.204895 228.481934 5 334.626740 236.918182 
2 51 54 61 444.529327 404.351929 4 403.533875 440.215393 
2 34 34 42 452.749237 371.339539 4 424.845886 402.108032 
3 143 143 151 471.896698 366.624390 4 450.913116 396.546844 5 364.259796 394.447449 
2 117 120 129 473.739288 393.087433 4 447.791626 427.095886 
2 57 47 46 488.991364 176.259079 4 486.342316 191.401703 
2 38 43 47 495.082703 390.257050 4 477.936829 424.378387 
2 133 129 126 498.255341 198.352356 4 495.008118 214.138611 
2 55 56 58 503.421295 396.097534 4 484.767883 428.771912 
2 38 33 30 505.054932 225.626923 4 504.011230 243.827118 
2 104 104 104 507.591522 181.438995 4 507.536591 197.984680 
2 48 44 41 508.417145 342.075592 4 505.649597 372.866394 
2 45 44 40 508.429688 206.902847 4 506.995056 226.208923 
2 48 46 47 517.217896 187.090012 4 519.330505 204.232422 
2 52 48 45 523.142517 341.848572 4 554.663818 373.912598 
2 54 53 49 534.650208 231.525513 4 537.393372 250.478653 
2 47 48 43 555.449341 239.507538 4 567.516907 262.747162 
2 48 51 58 567.284546 374.985504 4 575.606628 408.388641 
2 99 101 113 574.937012 370.460602 4 586.316895 403.884369 
2 56 50 50 622.944885 308.319153 4 659.409485 340.144318 
2 69 65 62 627.953125 334.922485 4 662.923767 367.186584 
2 91 88 83 629.214539 319.965637 4 664.389709 351.684540 
2 45 50 56 631.949280 396.195251 4 454.048584 434.434723 
2 53 48 44 636.032104 317.114807 4 672.284058 349.003448 
2 87 73 72 641.632568 342.903900 4 677.403503 376.057922 
2 86 76 74 644.622925 320.854431 4 680.216675 353.015717 
2 110 114 123 647.865784 426.576141 4 625.651917 473.615997 
2 54 49 46 653.111572 316.098206 4 690.695374 347.893677 
2 143 137 147 654.289429 307.994354 4 693.047668 340.718018 
2 83 90 100 676.648743 411.478546 4 662.513367 454.592194 
2 40 44 45 684.597351 431.103638 4 670.129822 480.436371 
2 90 94 103 703.585938 456.242188 4 676.644104 518.058105 
2 75 83 86 712.782471 412.942902 4 707.369568 458.082825 
2 112 111 119 718.296387 244.567383 4 753.667114 267.529572 
2 119 118 124 726.108215 311.222229 4 770.821594 343.315033 
2 50 50 48 734.691528 297.535492 4 780.173096 329.258423 
2 109 106 99 736.405151 317.932617 4 779.980530 350.609070 
2 94 97 102 745.035645 457.077911 4 728.875854 522.745056 
2 94 97 102 745.035645 457.077911 4 728.875854 522.745056 
2 72 77 81 754.802673 410.184784 4 762.238953 454.833954 
2 80 79 84 768.484070 476.291779 4 758.744141 553.436462 
2 56 46 36 209.502274 288.489044 5 317.529053 298.676178 
2 80 67 58 219.389160 327.597260 5 145.899231 353.150452 
2 53 44 37 245.110184 285.435486 5 317.529053 298.676178 
2 145 142 137 343.307434 315.929230 5 253.397842 343.575500 
2 18 17 15 354.825745 307.686340 5 227.532211 335.752655 
2 150 140 138 408.506622 195.348465 5 314.375183 223.110367 
2 101 87 74 432.279663 357.657196 5 326.575867 386.139954 
2 101 90 86 445.381012 356.958740 5 341.435638 384.342865 
2 146 138 136 456.913116 179.344894 5 313.486389 214.316986 
2 146 138 136 456.913116 179.344894 5 313.486389 214.316986 
2 101 90 86 484.464630 358.777374 5 373.740479 387.899323 
2 92 95 100 493.419312 394.975494 5 327.828339 425.019104 
