nFeatures: 785
2 171 178 194 58.556828 242.677048 5 29.637798 245.831558 
2 163 170 178 80.444588 270.439911 5 43.278973 271.657043 
2 173 176 185 86.300552 274.732361 5 49.462242 276.570343 
2 168 177 186 90.710327 266.304962 5 53.503815 267.086853 
2 57 57 57 186.371185 237.880447 5 131.498764 241.500931 
2 57 57 57 186.371185 237.880447 5 131.498764 241.500931 
2 97 89 86 188.275543 320.812134 5 72.267303 323.025848 
2 63 56 50 194.944824 269.569824 5 137.447891 272.292725 
2 145 140 137 204.894226 254.210083 5 148.768555 256.675842 
2 84 71 62 207.556320 355.047699 5 145.899231 353.150452 
2 71 62 53 207.901764 343.581512 5 146.510941 342.655029 
2 138 129 122 211.328079 384.889923 5 148.344543 383.052094 
2 140 132 129 213.472610 260.068481 5 153.664398 263.268616 
2 140 132 129 213.472610 260.068481 5 153.664398 263.268616 
2 100 107 113 225.305573 464.424103 5 42.066429 452.122742 
2 156 151 148 230.492828 373.062897 5 160.777390 371.192657 
2 151 146 143 231.494659 241.802200 5 169.770844 246.650070 
2 151 146 143 231.494659 241.802200 5 169.770844 246.650070 
2 151 146 143 231.494659 241.802200 5 169.770844 246.650070 
2 67 54 45 235.316635 310.562103 5 142.402939 313.873413 
2 67 54 45 235.316635 310.562103 5 142.402939 313.873413 
2 63 56 50 243.239670 268.713959 5 178.371414 272.259369 
2 59 49 47 244.471008 264.299805 5 249.019150 259.477203 
2 62 55 49 245.316757 270.107971 5 179.873550 273.158112 
2 63 56 50 245.832947 270.400177 5 179.873550 273.158112 
2 147 139 137 249.220825 254.673447 5 184.690414 258.757568 
2 70 63 55 287.052887 223.228012 5 253.069092 223.725586 
2 145 140 136 287.782867 248.942688 5 253.645126 248.585434 
2 145 140 136 287.782867 248.942688 5 253.645126 248.585434 
2 18 18 20 300.495758 335.575623 5 227.532211 335.752655 
2 48 44 41 304.380981 439.975525 5 140.342850 432.525940 
2 14 14 14 306.655212 338.938751 5 198.146606 341.394226 
2 153 147 147 308.818573 221.469055 5 313.486389 214.316986 
2 153 147 147 308.818573 221.469055 5 313.486389 214.316986 
2 61 54 48 311.474396 246.700974 5 275.575623 246.715530 
2 146 148 161 314.896149 430.414764 5 151.092438 424.768738 
2 68 59 52 328.496368 215.990799 5 291.937286 216.864075 
2 68 59 54 329.662109 230.636765 5 334.175262 224.938507 
2 68 59 54 329.662109 230.636765 5 334.175262 224.938507 
2 138 142 154 331.939362 420.607635 5 167.904495 416.774963 
2 153 145 143 352.409332 213.455551 5 313.486389 214.316986 
2 153 145 143 352.409332 213.455551 5 313.486389 214.316986 
2 42 46 49 358.546783 455.898010 5 176.336441 446.432800 
2 19 19 17 366.433228 332.652130 5 283.231323 334.653290 
2 129 121 119 367.533844 355.904755 5 280.213776 356.058289 
2 97 86 80 368.886658 392.169128 5 206.828522 390.397919 
2 106 98 96 369.859711 422.013214 5 207.938126 415.962463 
2 80 67 61 374.323914 207.687897 5 291.937286 216.864075 
2 68 57 55 375.539490 224.822479 5 334.175262 224.938507 
2 68 57 55 375.539490 224.822479 5 334.175262 224.938507 
2 152 144 141 375.995209 235.924210 5 292.777466 243.196503 
2 155 147 145 399.637665 204.417999 5 313.486389 214.316986 
2 70 59 53 402.635712 238.717026 5 315.412872 245.837097 
2 54 43 37 419.015991 239.317703 5 249.019150 259.477203 
2 67 57 55 424.392578 215.815018 5 334.175262 224.938507 
2 150 142 139 425.204895 228.481934 5 334.626740 236.918182 
2 150 142 139 425.204895 228.481934 5 334.626740 236.918182 
2 152 143 138 427.122192 251.697540 5 336.044067 258.881226 
2 40 41 45 434.613190 435.734253 5 282.244873 430.156525 
2 150 142 140 452.452454 204.798141 5 358.015106 215.630020 
2 67 58 51 454.144165 231.072342 5 359.306610 240.571350 
2 61 47 36 457.612091 289.979065 5 361.756042 294.981842 
2 61 47 36 457.612091 289.979065 5 361.756042 294.981842 
2 61 47 36 457.612091 289.979065 5 317.529053 298.676178 
2 66 58 55 462.942810 187.339111 5 368.707947 199.649490 
2 59 48 44 474.098358 238.953354 5 375.685944 248.124466 
2 59 48 44 474.098358 238.953354 5 375.685944 248.124466 
2 147 139 137 476.505981 217.855530 5 377.861206 228.253922 
2 38 42 45 477.936829 424.378387 5 331.671326 421.475830 
2 150 142 139 481.907379 242.975891 5 381.966217 251.645294 
2 138 130 127 486.265533 249.106522 5 386.601044 258.499817 
2 64 56 53 488.900330 232.467468 5 389.147247 241.963272 
2 64 56 53 488.900330 232.467468 5 389.147247 241.963272 
2 132 128 125 496.654663 230.679276 5 396.712830 239.938858 
2 58 54 51 497.963409 238.636230 5 397.331757 247.360092 
2 58 54 51 497.963409 238.636230 5 397.331757 247.360092 
2 57 53 54 657.965759 331.624542 5 654.464355 332.382019 
2 56 55 53 659.409485 340.144318 5 655.560791 340.986969 
2 159 149 158 660.704163 335.348999 5 656.933472 335.991821 
2 94 103 110 662.513367 454.592194 5 412.930725 448.252258 
2 92 88 85 664.389709 351.684540 5 672.789551 352.093231 
2 97 89 86 679.132446 354.980804 5 687.588013 355.244629 
2 127 122 128 707.477112 339.820465 5 699.510864 340.813171 
2 104 99 103 716.511536 340.937134 5 708.786621 342.561005 
