nFeatures: 728
3 100 100 100 105.558327 270.192810 2 186.915924 253.652557 3 207.859695 242.504730 
5 52 51 47 114.353928 227.855972 2 192.733459 215.161209 3 215.436371 197.458694 4 186.371185 237.880447 5 131.498764 241.500931 
4 54 51 46 126.105644 261.850525 2 202.732620 245.469055 3 226.308563 233.148056 5 137.447891 272.292725 
4 127 131 130 129.803268 237.714081 2 204.896957 224.324890 3 229.542313 207.779510 4 197.707718 247.571503 
3 47 44 37 132.164703 309.935852 2 209.502274 288.489044 3 233.272797 283.376038 
2 76 69 61 141.681122 344.235199 2 217.662720 318.430359 
4 54 51 46 149.528076 226.510056 2 220.449432 213.244308 3 247.092529 194.209839 4 212.203415 236.012390 
2 53 49 46 150.258224 238.630081 2 338.918762 208.300629 
3 137 137 137 173.115814 226.481415 2 361.137878 194.315918 5 313.486389 214.316986 
4 137 137 137 173.115814 226.481415 2 361.137878 194.315918 4 352.409332 213.455551 5 313.486389 214.316986 
3 58 50 47 174.147964 255.983429 2 241.409302 239.746643 3 271.856415 224.079544 
4 45 41 32 176.562317 307.270172 2 209.502274 288.489044 4 457.612091 289.979065 5 361.756042 294.981842 
4 45 41 32 176.562317 307.270172 2 209.502274 288.489044 4 457.612091 289.979065 5 361.756042 294.981842 
3 64 61 56 185.562698 382.927155 2 253.323837 353.602051 4 240.486496 381.894348 
4 64 61 56 185.562698 382.927155 2 253.323837 353.602051 3 282.612061 360.680939 4 240.486496 381.894348 
2 62 63 58 186.574646 401.589417 2 254.347702 369.113556 
4 49 44 40 187.395401 261.838501 2 252.523010 245.386536 4 243.239670 268.713959 5 178.371414 272.259369 
3 122 123 125 194.204071 389.535858 2 261.150208 360.209839 3 292.714355 366.763519 
2 64 56 53 195.126633 222.275192 2 256.899994 208.067917 
3 130 126 123 196.034882 248.640213 2 258.638336 232.151184 3 291.786438 214.923248 
4 130 126 123 196.034882 248.640213 2 258.638336 232.151184 3 291.786438 214.923248 5 184.690414 258.757568 
4 135 130 124 197.033966 271.438507 2 260.478607 252.287262 3 293.728790 239.023941 5 185.793320 279.433502 
4 136 137 132 198.174698 348.536560 2 262.355408 321.690674 3 294.375183 321.987610 4 250.544617 347.805542 
4 20 20 20 208.189743 336.479431 2 271.835968 311.463715 3 305.184357 311.210358 4 260.043793 339.054443 
3 18 18 18 229.843994 363.649902 2 289.765503 335.835999 3 327.687408 338.870697 
3 18 18 18 229.843994 363.649902 2 289.765503 335.835999 3 327.687408 338.870697 
2 17 17 17 233.247406 282.799561 2 332.068817 258.022064 
3 16 14 15 233.696075 397.578308 2 292.556213 365.880951 3 330.347900 375.604279 
4 130 126 123 242.483337 397.567505 2 301.081696 367.588654 3 340.883575 377.070831 4 288.012115 396.888763 
2 54 49 45 242.634888 231.760696 2 431.461731 196.287476 
4 14 16 15 253.016800 337.280701 2 311.555237 309.320984 3 353.942261 307.342346 4 298.472076 337.533142 
4 14 16 15 254.365906 335.782471 2 311.555237 309.320984 3 353.942261 307.342346 4 298.472076 337.533142 
2 17 17 17 256.864960 287.670349 2 354.329651 261.354004 
4 15 15 15 257.306061 365.669098 2 313.588013 338.130310 3 356.229767 341.362396 4 301.583405 365.701324 
2 83 79 76 265.648651 273.926086 2 361.184174 248.190399 
3 140 135 132 267.905701 225.250900 2 362.027130 202.089249 4 353.083313 221.536148 
3 61 61 59 268.493958 376.810516 2 323.082611 346.498535 3 368.373108 354.315002 
2 43 43 41 274.841400 407.149414 2 323.996460 374.686066 
4 17 17 17 284.648071 336.623627 2 334.587036 310.515594 3 383.252197 307.823639 4 281.661255 338.969482 
2 56 48 45 291.488007 227.681076 2 431.461731 196.287476 
4 139 134 131 293.024506 263.434631 2 386.902130 237.336227 3 392.369507 225.815384 4 377.953827 258.651886 
4 140 138 139 293.114471 341.601654 2 343.307434 315.929230 3 393.633972 313.939789 4 289.452789 341.791077 
3 140 138 139 293.114471 341.601654 2 343.307434 315.929230 3 393.633972 313.939789 
4 59 51 48 318.954285 242.344543 2 364.072998 222.734955 3 421.873962 200.468903 4 354.915527 242.995682 
3 30 30 30 326.368530 358.162018 2 368.716095 328.623077 3 427.879181 330.996307 
5 142 134 131 343.619995 236.514221 2 432.517120 209.755432 3 447.685913 191.000854 4 425.204895 228.481934 5 334.626740 236.918182 
3 142 134 131 343.619995 236.514221 2 432.517120 209.755432 3 447.685913 191.000854 
4 141 133 131 344.926971 258.355469 2 386.902130 237.336227 3 449.717834 217.258133 4 377.953827 258.651886 
5 149 140 143 369.105408 206.208069 2 456.913116 179.344894 3 477.013977 152.584503 4 399.637665 204.417999 5 313.486389 214.316986 
3 144 136 134 370.070892 215.467590 2 408.506622 195.348465 3 478.625244 164.089310 
5 65 54 48 371.777435 240.503906 2 410.561493 219.372192 3 481.528961 193.698425 4 402.635712 238.717026 5 315.412872 245.837097 
3 96 99 104 378.135834 470.839722 2 327.096283 428.697601 3 420.682587 490.140106 
4 41 41 39 384.079742 441.750763 2 361.526031 405.746582 3 456.112579 439.613312 4 304.380981 439.975525 
2 90 79 75 393.959412 387.913971 2 432.279663 357.657196 
3 59 49 47 395.876221 218.473953 2 431.461731 196.287476 5 334.175262 224.938507 
2 59 49 47 395.876221 218.473953 2 431.461731 196.287476 
4 144 136 134 396.602173 231.961624 2 432.517120 209.755432 4 425.204895 228.481934 5 334.626740 236.918182 
4 144 136 134 396.602173 231.961624 2 432.517120 209.755432 4 425.204895 228.481934 5 334.626740 236.918182 
5 147 139 136 397.916016 254.588989 2 434.440186 231.432358 3 511.720337 208.213516 4 427.122192 251.697540 5 336.044067 258.881226 
5 143 138 135 424.737946 210.478195 2 457.797638 188.054230 3 544.340149 151.978256 4 452.452454 204.798141 5 358.015106 215.630020 
3 58 50 48 450.094666 214.766663 2 481.989655 190.917892 3 576.796631 155.595444 
5 58 50 48 460.358337 239.706924 2 492.548218 214.750031 3 589.648743 184.910904 4 488.900330 232.467468 5 389.147247 241.963272 
2 56 51 48 539.142761 348.724762 2 653.111572 316.098206 
3 85 75 86 559.295654 323.567963 2 678.326355 289.269012 3 730.015442 296.175446 
3 88 80 77 566.358276 352.856537 2 684.612305 319.725281 3 739.731689 329.353088 
3 88 87 83 570.584595 367.560638 2 688.229187 335.287872 3 745.085510 345.684082 
2 88 87 83 570.584595 367.560638 2 688.229187 335.287872 
2 100 103 110 14.433249 352.929382 3 182.056503 332.346405 
2 39 43 46 16.462299 422.906952 3 72.900383 401.954865 
4 52 51 47 114.353928 227.855972 3 215.436371 197.458694 4 186.371185 237.880447 5 131.498764 241.500931 
2 114 123 132 134.903610 424.963257 3 180.996262 406.275482 
3 77 68 61 143.390564 354.349548 3 242.705292 330.087585 4 207.556320 355.047699 
2 53 49 46 150.258224 238.630081 3 247.725571 207.221054 
2 133 132 130 173.474548 233.760437 3 270.351593 200.625595 
3 58 50 47 174.147964 255.983429 3 271.856415 224.079544 5 170.273514 265.567139 
3 49 44 38 190.933380 264.731140 3 287.845398 233.194824 5 179.873550 273.158112 
3 128 128 128 243.684784 341.676453 3 341.340515 314.278961 4 289.452789 341.791077 
3 128 128 128 243.684784 341.676453 3 341.340515 314.278961 4 289.452789 341.791077 
3 13 13 13 256.812103 390.531067 3 356.082245 369.374329 4 300.831818 389.679382 
2 17 17 17 265.406647 339.620087 3 364.483368 312.281769 
3 43 41 42 269.311737 322.362457 3 367.649139 291.210541 4 310.925323 324.015472 
2 17 17 17 274.208496 338.679382 3 374.030579 310.793915 
2 90 91 96 278.228363 455.774567 3 277.978119 460.447144 
3 46 46 46 278.984497 364.502289 3 379.165222 340.000854 4 320.229401 363.892395 
2 17 17 17 284.648071 336.623627 3 384.274353 308.899017 
2 139 134 131 293.024506 263.434631 3 392.369507 225.815384 
2 65 66 61 299.159119 262.632965 3 399.731720 223.190567 
2 17 17 17 307.486816 392.724030 3 409.945770 371.973694 
2 17 17 17 307.486816 392.724030 3 409.945770 371.973694 
2 18 18 18 332.462311 294.729462 3 436.163727 261.974976 
2 16 16 16 333.160950 383.154022 3 438.166779 361.419525 
2 19 19 19 333.898163 333.182220 3 437.276978 303.327026 
2 153 147 147 334.973816 370.796692 3 437.431458 347.547791 
2 150 145 142 337.339386 352.628235 3 441.242004 328.029205 
3 105 100 97 341.546356 350.908264 3 445.126709 324.298157 4 369.753540 350.685883 
2 39 38 36 344.894867 407.514648 3 451.240265 389.575867 
2 142 136 136 345.221344 273.424866 3 451.099091 237.315811 
2 62 55 47 354.805603 404.469208 3 462.195862 385.666809 
2 101 104 111 356.928314 468.636169 3 389.737213 485.238068 
4 149 140 143 369.105408 206.208069 3 477.013977 152.584503 4 352.409332 213.455551 5 313.486389 214.316986 
2 53 44 35 373.240112 296.152435 3 483.318237 259.168396 
2 121 122 127 389.014282 437.751862 3 462.914093 435.105225 
3 70 60 58 395.021484 202.935715 3 506.839539 146.748215 4 422.998016 199.231476 
2 63 53 51 395.971344 219.029053 3 508.453186 165.695541 
3 147 139 136 397.916016 254.588989 3 511.720337 208.213516 4 427.081604 252.075150 
2 120 123 132 402.411652 438.151154 3 483.804993 436.263763 
2 120 123 132 402.411652 438.151154 3 483.804993 436.263763 
2 72 59 51 413.318176 336.814240 3 497.354919 296.335663 
3 65 68 85 415.767914 425.979767 3 501.790070 420.036957 4 339.704712 425.444153 
3 139 134 130 449.026672 224.479797 3 575.102234 167.347198 4 476.505981 217.855530 
2 126 129 138 449.923828 448.640533 3 548.657410 455.317352 
2 139 127 127 452.552521 234.805786 3 579.416077 179.622940 
2 57 49 47 454.715820 199.471603 3 582.899292 136.155853 
2 57 49 47 454.715820 199.471603 3 582.899292 136.155853 
2 131 123 121 454.793762 220.853409 3 582.651917 161.140442 
2 140 130 131 457.225342 253.074341 3 585.844055 202.110199 
2 131 127 126 466.928589 223.970230 3 598.204285 164.981583 
2 56 52 49 469.020752 247.176117 3 601.946350 194.210693 
2 55 50 47 469.102081 254.305084 3 602.343018 204.938217 
2 31 35 38 471.608582 435.671753 3 590.706055 434.413574 
2 52 50 51 473.381042 231.133301 3 607.468567 174.926224 
2 38 43 49 485.964264 421.986755 3 618.862610 413.530853 
2 182 184 197 492.211517 231.613327 3 636.348389 177.678635 
2 86 89 98 494.219971 427.817139 3 629.642700 421.601379 
2 70 68 71 495.155884 398.688995 3 640.439392 382.566223 
2 49 52 57 496.049927 423.194397 3 632.423645 414.750610 
2 112 115 132 498.119995 409.825470 3 641.034302 396.258759 
2 76 80 92 509.387268 407.613800 3 659.385132 392.865173 
2 76 80 92 509.387268 407.613800 3 659.385132 392.865173 
2 84 74 72 531.371887 352.955933 3 695.296692 329.770691 
2 82 81 77 533.616150 366.980957 3 697.849304 345.084656 
2 50 30 29 534.423889 374.011230 3 699.772156 352.880859 
2 101 102 107 534.702148 392.380493 3 698.900208 373.601715 
2 112 82 74 535.506042 380.492279 3 701.073364 360.352448 
2 163 151 165 535.647766 331.365570 3 699.682190 303.565521 
2 126 116 127 550.041260 341.423035 3 719.548889 316.711151 
2 75 65 64 556.253235 369.732025 3 726.715027 348.114838 
2 32 23 24 565.099060 383.870148 3 737.884583 364.640533 
2 41 37 34 566.496582 343.769958 3 739.428833 318.826996 
2 30 26 27 578.754395 384.232635 3 755.975952 365.556824 
2 103 93 104 587.802490 311.863556 3 767.553528 282.598846 
2 17 16 14 589.632629 383.668915 3 769.657104 364.604095 
2 107 102 108 589.956726 345.925903 3 770.556946 321.222870 
2 127 130 137 591.113159 390.846161 3 769.406128 372.661499 
2 127 130 137 591.113159 390.846161 3 769.406128 372.661499 
2 120 110 119 595.302612 323.722717 3 775.798218 295.973755 
2 111 107 108 596.527588 355.837463 3 778.435303 332.302795 
2 111 107 108 596.527588 355.837463 3 778.435303 332.302795 
2 40 39 35 601.759827 360.069916 3 784.986755 336.475861 
2 135 121 108 602.689331 344.879486 3 785.025330 319.711060 
2 36 35 33 602.744690 380.842560 3 786.929016 360.559174 
2 166 160 170 603.691833 285.940796 3 786.383301 253.425583 
2 135 129 141 606.357117 273.778748 3 789.393250 238.669174 
2 42 43 47 109.036484 243.075974 4 181.777298 253.918549 
3 132 127 121 152.064484 273.005188 4 427.122192 251.697540 5 336.044067 258.881226 
2 65 67 62 189.093704 357.810486 4 243.526031 357.686615 
3 49 44 38 190.933380 264.731140 4 245.832947 270.400177 5 328.198975 253.593826 
3 54 51 46 195.687897 236.568359 4 329.662109 230.636765 5 334.175262 224.938507 
2 140 135 132 219.901489 229.673203 4 353.083313 221.536148 
2 92 92 90 222.886154 403.982300 4 269.893707 401.636017 
2 35 35 33 277.679321 418.299652 4 307.108521 415.198364 
2 46 46 46 278.984497 364.502289 4 320.229401 363.892395 
2 16 16 16 303.947235 335.283356 4 298.472076 337.533142 
2 144 136 134 317.972992 220.451431 4 353.083313 221.536148 
3 64 57 51 326.663727 204.670654 4 462.942810 187.339111 5 368.707947 199.649490 
3 70 61 56 342.382080 208.245468 4 374.323914 207.687897 5 291.937286 216.864075 
3 62 52 50 343.196564 223.319962 4 329.662109 230.636765 5 334.175262 224.938507 
3 63 53 51 395.971344 219.029053 4 329.662109 230.636765 5 334.175262 224.938507 
2 138 141 150 410.263855 405.635162 4 53.044842 402.638275 
2 39 40 44 775.203735 466.343536 4 670.129822 480.436371 
2 37 42 46 489.208221 571.657715 5 763.205444 498.041687 
