nFeatures: 602
2 25 34 31 10.875785 292.910217 4 8.929904 322.098938 
2 29 38 37 11.503261 280.896240 4 9.669320 311.005615 
2 29 38 37 11.503261 280.896240 4 9.669320 311.005615 
2 39 48 47 13.993502 244.191422 4 12.332198 279.126587 
2 31 41 40 15.272288 222.881775 4 13.938831 259.805786 
2 31 41 40 15.416634 222.600143 4 13.938831 259.805786 
2 17 17 19 15.960887 340.214233 4 12.726382 364.356445 
2 65 69 72 23.369705 335.376923 4 19.758646 359.622406 
2 93 103 105 31.276381 236.489853 4 27.926029 271.738037 
2 147 164 182 32.314693 188.013931 4 31.059950 227.687958 
2 150 167 185 34.087719 191.483536 4 31.059950 227.687958 
2 140 154 167 37.204399 197.661942 4 35.171444 235.106659 
2 26 27 29 47.662140 391.914093 4 25.645031 407.339996 
2 134 143 150 47.734047 202.944122 4 45.501904 239.636078 
2 135 151 164 47.836632 196.407486 4 45.606663 233.517731 
2 34 39 42 48.630322 232.115067 4 43.664238 267.519989 
2 73 89 105 52.346180 194.538177 4 50.179871 232.046204 
2 49 65 81 54.353714 200.939133 4 51.756622 237.556000 
2 49 65 81 54.353714 200.939133 4 51.756622 237.556000 
2 112 121 136 54.851170 382.750427 4 31.403357 401.246429 
2 115 124 139 55.825634 381.999237 4 31.403357 401.246429 
2 113 126 142 58.635929 408.870178 4 32.157810 420.168884 
3 157 169 185 61.097801 205.141678 4 58.556828 242.677048 5 29.637798 245.831558 
3 155 167 183 62.167919 204.876129 4 58.556828 242.677048 5 29.637798 245.831558 
2 45 50 54 85.080536 263.141876 4 75.836090 294.952820 
3 157 166 175 89.131989 236.475433 4 80.444588 270.439911 5 43.278973 271.657043 
2 35 44 51 95.711884 228.017410 4 84.471352 262.826721 
3 167 171 183 95.979843 241.259781 4 86.300552 274.732361 5 49.462242 276.570343 
3 164 174 186 99.878754 231.785629 4 90.710327 266.304962 5 53.503815 267.086853 
2 171 173 186 149.101395 253.318665 4 133.220947 287.266388 
2 118 122 131 172.718506 351.277008 4 152.361282 373.895599 
2 118 122 131 172.718506 351.277008 4 152.361282 373.895599 
2 105 103 106 207.859695 242.504730 4 179.380692 277.337463 
2 129 136 144 211.285522 414.498230 4 141.729599 423.387115 
3 67 62 59 215.436371 197.458694 4 186.371185 237.880447 5 131.498764 241.500931 
3 67 62 59 215.436371 197.458694 4 186.371185 237.880447 5 131.498764 241.500931 
3 62 54 51 226.308563 233.148056 4 194.944824 269.569824 5 137.447891 272.292725 
2 139 139 137 229.542313 207.779510 4 197.707718 247.571503 
2 139 139 137 229.542313 207.779510 4 197.707718 247.571503 
2 62 53 44 233.272797 283.376038 4 235.316635 310.562103 
2 142 137 134 237.440796 215.465195 4 204.894226 254.210083 
3 142 137 134 237.440796 215.465195 4 204.894226 254.210083 5 148.768555 256.675842 
2 82 70 58 242.705292 330.087585 4 207.556320 355.047699 
3 68 60 49 243.112503 317.085632 4 207.901764 343.581512 5 146.510941 342.655029 
3 68 60 49 243.356949 316.941620 4 207.901764 343.581512 5 146.510941 342.655029 
2 69 62 54 247.092529 194.209839 4 212.203415 236.012390 
2 59 54 51 247.725571 207.221054 4 212.664108 247.478378 
2 59 54 51 247.725571 207.221054 4 212.664108 247.478378 
2 138 130 128 248.621216 221.965576 4 213.472610 260.068481 
2 138 130 128 248.621216 221.965576 4 213.472610 260.068481 
2 113 95 83 268.481110 300.034882 4 193.926407 335.556427 
2 144 138 140 270.351593 200.625595 4 231.494659 241.802200 
2 110 94 81 285.650177 318.186310 4 243.286896 345.036377 
2 49 40 31 287.845398 233.194824 4 245.832947 270.400177 
2 49 40 31 287.845398 233.194824 4 245.832947 270.400177 
2 49 40 31 287.968964 233.258392 4 245.832947 270.400177 
2 141 145 156 290.754791 389.771576 4 246.016998 405.386902 
2 138 133 130 291.786438 214.923248 4 249.220825 254.673447 
2 151 146 143 294.375183 321.987610 4 250.544617 347.805542 
2 14 14 14 304.481750 372.094238 4 258.704407 392.792816 
2 19 19 19 305.184357 311.210358 4 260.043793 339.054443 
2 19 19 19 305.184357 311.210358 4 260.043793 339.054443 
2 21 21 21 315.946625 293.810272 4 268.301086 326.426849 
2 99 101 100 317.852631 383.001343 4 269.893707 401.636017 
2 18 18 18 327.687408 338.870697 4 279.023438 362.577332 
2 22 22 22 329.860474 268.378784 4 323.643188 292.304138 
2 15 15 15 330.347900 375.604279 4 278.672272 394.170197 
2 139 138 134 340.883575 377.070831 4 288.012115 396.888763 
2 135 129 129 341.340515 314.278961 4 289.452789 341.791077 
2 135 129 129 341.340515 314.278961 4 289.452789 341.791077 
3 16 16 16 353.942261 307.342346 4 298.472076 337.533142 5 227.532211 335.752655 
2 19 19 19 354.288086 262.915375 4 343.993011 288.388977 
2 16 16 16 356.082245 369.374329 4 300.831818 389.679382 
2 16 16 16 356.229767 341.362396 4 301.583405 365.701324 
3 62 51 49 367.627136 205.686050 4 311.474396 246.700974 5 275.575623 246.715530 
2 52 50 51 367.649139 291.210541 4 310.925323 324.015472 
2 47 47 47 379.165222 340.000854 4 320.229401 363.892395 
3 16 16 16 383.252197 307.823639 4 281.661255 338.969482 5 245.077377 337.253174 
2 17 19 16 384.274353 308.899017 4 281.661255 338.969482 
2 60 51 46 388.213470 168.927582 4 328.496368 215.990799 
2 59 51 48 389.739258 185.542801 4 329.662109 230.636765 
2 144 139 136 390.490906 199.949478 4 330.039520 242.681534 
2 144 139 136 390.490906 199.949478 4 330.039520 242.681534 
2 14 16 15 406.552521 305.760559 4 298.472076 337.533142 
2 149 141 139 419.165985 174.722778 4 353.083313 221.536148 
2 101 104 109 420.682587 490.140106 4 243.318512 467.751312 
2 101 104 109 420.682587 490.140106 4 243.318512 467.751312 
2 62 53 46 421.873962 200.468903 4 354.915527 242.995682 
3 18 18 18 437.276978 303.327026 4 366.433228 332.652130 5 283.231323 334.653290 
2 18 18 18 437.276978 303.327026 4 366.433228 332.652130 
2 102 98 95 445.126709 324.298157 4 369.753540 350.685883 
2 145 140 137 449.717834 217.258133 4 377.953827 258.651886 
2 43 42 40 456.112579 439.613312 4 304.380981 439.975525 
2 43 44 46 458.906158 422.743347 4 308.727631 426.193634 
2 133 139 155 470.270691 426.314484 4 314.896149 430.414764 
3 139 138 143 477.013977 152.584503 4 399.637665 204.417999 5 313.486389 214.316986 
3 61 51 49 481.528961 193.698425 4 402.635712 238.717026 5 315.412872 245.837097 
2 54 45 36 483.318237 259.168396 4 457.612091 289.979065 
2 43 52 67 501.790070 420.036957 4 339.704712 425.444153 
2 60 52 49 506.839539 146.748215 4 422.998016 199.231476 
3 55 50 47 508.453186 165.695541 4 424.392578 215.815018 5 334.175262 224.938507 
2 96 88 85 510.903198 200.103149 4 426.218231 244.835526 
3 144 136 134 511.720337 208.213516 4 427.122192 251.697540 5 336.044067 258.881226 
2 144 136 134 511.720337 208.213516 4 427.081604 252.075150 
2 43 47 50 542.330811 465.591553 4 358.546783 455.898010 
3 134 133 129 544.340149 151.978256 4 452.452454 204.798141 5 358.015106 215.630020 
3 59 51 48 547.703735 183.471939 4 454.144165 231.072342 5 359.306610 240.571350 
2 48 43 40 549.473206 252.784332 4 457.612091 289.979065 
2 48 43 40 549.473206 252.784332 4 457.612091 289.979065 
2 48 43 40 549.473206 252.784332 4 457.612091 289.979065 
3 54 51 46 572.041809 191.395187 4 474.098358 238.953354 5 375.685944 248.124466 
3 51 46 43 572.703674 191.801651 4 474.098358 238.953354 5 375.685944 248.124466 
3 51 46 43 572.703674 191.801651 4 474.098358 238.953354 5 375.685944 248.124466 
3 132 132 132 575.102234 167.347198 4 476.505981 217.855530 5 377.861206 228.253922 
2 132 132 132 575.102234 167.347198 4 476.505981 217.855530 
2 127 128 123 585.844055 202.110199 4 486.265533 249.106522 
3 47 49 44 589.648743 184.910904 4 488.900330 232.467468 5 389.147247 241.963272 
3 47 49 44 589.648743 184.910904 4 488.900330 232.467468 5 389.147247 241.963272 
2 101 90 88 693.693176 353.410126 4 677.403503 376.057922 
2 71 67 64 695.296692 329.770691 4 680.216675 353.015717 
2 87 83 82 714.007874 330.771332 4 679.132446 354.980804 
2 49 45 42 717.267822 329.088776 4 701.752441 352.156189 
2 95 92 87 719.294434 326.559906 4 703.985046 349.549561 
2 114 115 119 719.548889 316.711151 4 707.477112 339.820465 
2 72 67 74 730.015442 296.175446 4 717.619141 320.264618 
2 34 33 31 739.428833 318.826996 4 725.632263 343.095215 
2 87 81 91 751.760010 284.011871 4 738.336304 307.632629 
2 74 77 82 65.205643 339.962677 5 18.817055 359.272980 
2 57 63 63 81.394005 265.728760 5 35.542202 296.690948 
2 168 168 178 111.922867 270.164520 5 55.435837 299.624115 
2 55 48 42 244.622131 239.015213 5 149.003952 277.054047 
2 138 131 123 250.798248 242.968597 5 154.749176 281.053436 
2 63 56 48 271.856415 224.079544 5 170.273514 265.567139 
2 63 56 48 271.856415 224.079544 5 170.273514 265.567139 
2 138 133 130 291.786438 214.923248 5 184.690414 258.757568 
2 147 142 138 293.728790 239.023941 5 185.793320 279.433502 
2 20 20 20 313.843048 314.936859 5 198.146606 341.394226 
2 16 16 16 353.942261 307.342346 5 227.532211 335.752655 
2 51 51 53 370.600403 387.320953 5 231.335861 397.698303 
2 144 142 143 393.633972 313.939789 5 253.397842 343.575500 
2 69 60 53 444.735748 158.464478 5 291.937286 216.864075 
2 65 57 54 446.653778 176.532806 5 334.175262 224.938507 
2 139 138 143 477.013977 152.584503 5 313.486389 214.316986 
2 55 50 47 508.453186 165.695541 5 334.175262 224.938507 
